alt_km	edep_ktkm	edepmin_ktkm	edepmax_ktkm
49.553	8.760E-02	7.091E-02	1.146E-01
49.366	8.980E-02	7.270E-02	1.174E-01
49.179	9.150E-02	7.407E-02	1.197E-01
48.991	9.000E-02	7.286E-02	1.177E-01
48.804	8.890E-02	7.197E-02	1.163E-01
48.617	9.110E-02	7.375E-02	1.191E-01
48.430	9.060E-02	7.334E-02	1.185E-01
48.243	9.060E-02	7.334E-02	1.185E-01
48.057	9.460E-02	7.658E-02	1.237E-01
47.870	9.960E-02	8.063E-02	1.302E-01
47.683	1.011E-01	8.184E-02	1.322E-01
47.497	1.057E-01	8.557E-02	1.382E-01
47.310	1.109E-01	8.978E-02	1.450E-01
47.124	1.101E-01	8.913E-02	1.440E-01
46.937	1.116E-01	9.034E-02	1.459E-01
46.751	1.176E-01	9.520E-02	1.538E-01
46.564	1.198E-01	9.698E-02	1.567E-01
46.378	1.181E-01	9.560E-02	1.544E-01
46.191	1.248E-01	1.010E-01	1.632E-01
46.005	1.331E-01	1.077E-01	1.741E-01
45.818	1.342E-01	1.086E-01	1.755E-01
45.632	1.406E-01	1.138E-01	1.839E-01
45.445	1.499E-01	1.213E-01	1.960E-01
45.258	1.525E-01	1.235E-01	1.994E-01
45.072	1.597E-01	1.293E-01	2.088E-01
44.885	1.771E-01	1.434E-01	2.316E-01
44.698	1.932E-01	1.564E-01	2.526E-01
44.511	2.030E-01	1.643E-01	2.655E-01
44.325	2.104E-01	1.703E-01	2.751E-01
44.138	2.260E-01	1.830E-01	2.955E-01
43.951	2.709E-01	2.193E-01	3.543E-01
43.763	3.245E-01	2.627E-01	4.243E-01
43.576	3.441E-01	2.786E-01	4.500E-01
43.389	3.461E-01	2.802E-01	4.526E-01
43.202	3.665E-01	2.967E-01	4.793E-01
43.014	3.903E-01	3.160E-01	5.104E-01
42.827	4.463E-01	3.613E-01	5.836E-01
42.639	5.055E-01	4.092E-01	6.610E-01
42.451	5.552E-01	4.494E-01	7.260E-01
42.263	6.218E-01	5.034E-01	8.131E-01
42.075	6.731E-01	5.449E-01	8.802E-01
41.887	6.989E-01	5.658E-01	9.139E-01
41.699	7.131E-01	5.773E-01	9.325E-01
41.511	7.307E-01	5.915E-01	9.555E-01
41.323	7.352E-01	5.952E-01	9.614E-01
41.134	7.574E-01	6.131E-01	9.904E-01
40.945	7.760E-01	6.282E-01	1.015E+00
40.757	7.774E-01	6.293E-01	1.017E+00
40.568	7.480E-01	6.055E-01	9.782E-01
40.379	7.183E-01	5.815E-01	9.393E-01
40.190	6.853E-01	5.548E-01	8.962E-01
40.001	6.370E-01	5.157E-01	8.330E-01
39.811	6.238E-01	5.050E-01	8.157E-01
39.622	6.224E-01	5.038E-01	8.139E-01
39.432	6.326E-01	5.121E-01	8.272E-01
39.243	6.807E-01	5.510E-01	8.901E-01
39.053	7.370E-01	5.966E-01	9.638E-01
38.863	7.703E-01	6.236E-01	1.007E+00
38.673	8.449E-01	6.840E-01	1.105E+00
38.483	1.003E+00	8.120E-01	1.312E+00
38.293	1.252E+00	1.013E+00	1.637E+00
38.102	1.720E+00	1.392E+00	2.249E+00
37.912	2.427E+00	1.964E+00	3.173E+00
37.722	2.919E+00	2.363E+00	3.817E+00
37.531	3.170E+00	2.566E+00	4.145E+00
37.340	4.096E+00	3.315E+00	5.356E+00
37.149	4.944E+00	4.002E+00	6.465E+00
36.959	4.987E+00	4.037E+00	6.522E+00
36.768	4.964E+00	4.018E+00	6.491E+00
36.577	5.082E+00	4.114E+00	6.645E+00
36.385	5.203E+00	4.212E+00	6.804E+00
36.194	5.540E+00	4.484E+00	7.244E+00
36.003	6.220E+00	5.035E+00	8.134E+00
35.812	7.740E+00	6.265E+00	1.012E+01
35.620	9.822E+00	7.951E+00	1.284E+01
35.429	1.079E+01	8.736E+00	1.411E+01
35.237	1.266E+01	1.025E+01	1.655E+01
35.046	1.497E+01	1.211E+01	1.957E+01
34.854	1.655E+01	1.340E+01	2.164E+01
34.663	1.888E+01	1.528E+01	2.469E+01
34.471	2.103E+01	1.702E+01	2.750E+01
34.279	2.197E+01	1.778E+01	2.873E+01
34.088	2.256E+01	1.827E+01	2.951E+01
33.896	2.552E+01	2.066E+01	3.337E+01
33.704	2.823E+01	2.285E+01	3.692E+01
33.513	2.848E+01	2.306E+01	3.725E+01
33.321	2.944E+01	2.383E+01	3.849E+01
33.129	3.248E+01	2.629E+01	4.248E+01
32.938	3.663E+01	2.965E+01	4.790E+01
32.746	4.114E+01	3.330E+01	5.379E+01
32.555	4.448E+01	3.601E+01	5.816E+01
32.363	4.666E+01	3.777E+01	6.101E+01
32.172	4.894E+01	3.962E+01	6.400E+01
31.981	5.186E+01	4.198E+01	6.782E+01
31.789	5.572E+01	4.510E+01	7.286E+01
31.598	5.931E+01	4.801E+01	7.756E+01
31.407	6.381E+01	5.165E+01	8.344E+01
31.216	6.730E+01	5.448E+01	8.801E+01
31.025	6.882E+01	5.571E+01	9.000E+01
30.835	7.008E+01	5.673E+01	9.165E+01
30.644	7.210E+01	5.836E+01	9.428E+01
30.454	7.450E+01	6.031E+01	9.742E+01
30.264	7.632E+01	6.179E+01	9.981E+01
30.074	7.821E+01	6.332E+01	1.023E+02
29.884	7.982E+01	6.461E+01	1.044E+02
29.694	8.110E+01	6.566E+01	1.061E+02
29.505	8.169E+01	6.613E+01	1.068E+02
29.315	8.008E+01	6.483E+01	1.047E+02
29.126	7.708E+01	6.240E+01	1.008E+02
28.937	7.227E+01	5.851E+01	9.451E+01
28.749	6.674E+01	5.403E+01	8.728E+01
28.561	6.458E+01	5.228E+01	8.446E+01
28.373	6.285E+01	5.088E+01	8.219E+01
28.185	5.873E+01	4.754E+01	7.679E+01
27.998	5.532E+01	4.478E+01	7.234E+01
27.811	5.153E+01	4.171E+01	6.738E+01
27.624	4.427E+01	3.584E+01	5.789E+01
27.437	3.814E+01	3.087E+01	4.987E+01
27.251	3.396E+01	2.749E+01	4.441E+01
27.066	3.003E+01	2.431E+01	3.928E+01
26.880	2.608E+01	2.111E+01	3.410E+01
26.696	2.096E+01	1.697E+01	2.741E+01
26.511	1.631E+01	1.321E+01	2.133E+01
26.327	1.326E+01	1.074E+01	1.735E+01
26.144	1.010E+01	8.177E+00	1.321E+01
25.960	6.904E+00	5.589E+00	9.028E+00
25.778	5.400E+00	4.371E+00	7.061E+00
25.596	4.747E+00	3.843E+00	6.208E+00
25.414	4.127E+00	3.341E+00	5.397E+00
25.233	3.017E+00	2.442E+00	3.945E+00
25.052	2.247E+00	1.819E+00	2.939E+00
24.872	2.271E+00	1.839E+00	2.970E+00
24.693	2.335E+00	1.890E+00	3.054E+00
24.514	2.619E+00	2.120E+00	3.424E+00
24.336	2.983E+00	2.415E+00	3.900E+00
24.159	3.225E+00	2.611E+00	4.217E+00
23.982	3.522E+00	2.851E+00	4.606E+00
23.805	3.805E+00	3.081E+00	4.976E+00
23.630	4.119E+00	3.334E+00	5.386E+00
23.455	4.718E+00	3.819E+00	6.169E+00
23.311	5.442E+00	4.405E+00	7.116E+00
22.632	3.762E+00	3.045E+00	4.919E+00
21.966	1.109E+00	8.978E-01	1.450E+00
21.314	3.278E-01	2.654E-01	4.287E-01
20.677	1.594E-01	1.290E-01	2.084E-01
20.056	1.217E-01	9.852E-02	1.591E-01
19.454	1.055E-01	8.540E-02	1.380E-01
18.870	9.590E-02	7.763E-02	1.254E-01
18.307	8.420E-02	6.816E-02	1.101E-01
17.766	7.310E-02	5.918E-02	9.559E-02
17.250	6.780E-02	5.489E-02	8.866E-02
16.758	6.660E-02	5.391E-02	8.709E-02
16.294	6.590E-02	5.335E-02	8.618E-02
15.859	6.460E-02	5.230E-02	8.448E-02
15.454	6.320E-02	5.116E-02	8.265E-02
15.082	6.120E-02	4.954E-02	8.003E-02
14.744	5.940E-02	4.809E-02	7.768E-02
14.442	5.820E-02	4.711E-02	7.611E-02
14.179	5.740E-02	4.647E-02	7.506E-02